Name Count Mean Std Sum Pvalue GEM_FBM CS_FBM
PA5097  14  -0.852035415078  0.455432086374  15.336637471400  0.000000597411  15.509635023  14.6576
PA5479  6  -0.098787484200  0.098787484200  1.185449810400  0.006872303309  15.509635023  15.4108
PA1819  7  -1.844033038808  1.558492368609  22.128396465700  0.002375288203  15.509635023  13.6656
PA1590  8  -0.434614538467  0.307318887352  5.215374461600  0.000660313525  15.509635023  15.0750
PA4628  10  -0.554118731067  0.391821112320  8.311780966000  0.000113913657  15.509635023  14.9555
PA5170  7  -0.922016519375  0.779246184280  11.064198232500  0.002375288203  15.509635023  14.5876
PA2041  8  -0.395149936867  0.279413199944  4.741799242400  0.000660313525  14.9169101177  14.5218
PA2042  8  -0.395149936867  0.279413199944  4.741799242400  0.000660313525  14.9169101177  14.5218
PA5100  1  -0.029213349800  0.065323036003  0.175280098800  0.363217467649  14.8141222116  14.7849
PA5092  1  -0.029213349800  0.065323036003  0.175280098800  0.363217467649  14.8141222116  14.7849
PA3366  1  -0.029213349800  0.065323036003  0.175280098800  0.363217467649  14.8141222116  14.7849
