Name Count Mean Std Sum Pvalue GEM_FBM CS_FBM
PA5100  7  -0.081797379440  0.087445076857  1.226960691600  0.003535208106  14.8141222116  14.7323
PA5092  7  -0.081797379440  0.087445076857  1.226960691600  0.003535208106  14.8141222116  14.7323
PA3366  7  -0.081797379440  0.087445076857  1.226960691600  0.003535208106  14.8141222116  14.7323
PA5097  17  -0.689742955063  0.529008697837  18.623059786700  0.000000472377  15.509635023  14.8199
PA1590  6  -0.144871512822  0.271029783042  3.911530846200  0.011332768491  15.509635023  15.3648
PA2041  6  -0.131716645622  0.246419280027  3.556349431800  0.011332768491  14.9169101177  14.7852
PA2042  6  -0.131716645622  0.246419280027  3.556349431800  0.011332768491  14.9169101177  14.7852
PA5479  12  -0.098787484200  0.098787484200  2.370899620800  0.000077449886  15.509635023  15.4108
PA1819  5  -0.658583228146  1.283815056736  15.805997475500  0.021822269865  15.509635023  14.8511
PA4628  16  -0.556720267025  0.393854043547  13.361286408600  0.000000649413  15.509635023  14.9529
PA5170  5  -0.329291614062  0.641907528347  7.902998737500  0.021822269865  15.509635023  15.1803
PA4031  2  -0.019669801678  0.050275435938  0.177028215100  0.300630728408  12.9506978822  12.9310
PA4429  1  -0.014288938644  0.040415221646  0.128600447800  0.346593507087  14.9286027372  14.9143
PA3189  1  -0.009654613533  0.027307370797  0.086891521800  0.346593507087  15.509635023  15.5000
PA3188  1  -0.009654613533  0.027307370797  0.086891521800  0.346593507087  15.509635023  15.5000
PA3187  1  -0.009654613533  0.027307370797  0.086891521800  0.346593507087  15.509635023  15.5000
PA4430  1  -0.014288938644  0.040415221646  0.128600447800  0.346593507087  14.9286027372  14.9143
PA3736  1  -0.013292336333  0.037596404636  0.119631027000  0.346593507087  15.3077931344  15.2945
PA1818  1  -0.007175374978  0.020295025217  0.064578374800  0.346593507087  14.9286027372  14.9214
PA3735  1  -0.013292336333  0.037596404636  0.119631027000  0.346593507087  15.3077931344  15.2945
PA4587  1  -0.014288938644  0.040415221646  0.128600447800  0.346593507087  14.9286027372  14.9143
PA4431  1  -0.014288938644  0.040415221646  0.128600447800  0.346593507087  14.9286027372  14.9143
PA1999  1  -0.007175374978  0.020295025217  0.064578374800  0.346593507087  14.9286027372  14.9214
PA0447  1  -0.007175374978  0.020295025217  0.064578374800  0.346593507087  14.9286027372  14.9214
PA3190  1  -0.009654613533  0.027307370797  0.086891521800  0.346593507087  15.509635023  15.5000
PA3193  1  -0.009654613533  0.027307370797  0.086891521800  0.346593507087  15.509635023  15.5000
